9ab004fc
5a068c04
00000000
00000000
5a058400
5a068c14
40018401
00000000
00000000
4601a408
00000000
00000000
963004f0
d60184f0
400104df
00000000
00000000
86200400
d60184f0
00000000
00000000
46018404
4001047b
00000000
00000000
86200400
d60184f0
00000000
00000000
46018408
40017436
00000000
00000000
86200400
d60184f0
00000000
00000000
4601840c
40010402
00000000
00000000
86200400
d60184f0
00000000
00000000
46018410
40010462
00000000
00000000
86200400
d60184f0
00000000
00000000
46018414
4001047d
00000000
00000000
86200400
d60184f0
00000000
00000000
46018418
4001040a
00000000
00000000
86200400
d60184f0
00000000
00000000
4601841c
40010441
00000000
00000000
86200400
d60184f0
00000000
00000000
46018420
40017437
00000000
00000000
86200400
d60184f0
00000000
00000000
46018424
40010400
00000000
00000000
86200400
40018400
00000000
00000000
963004f8
00000633
40018400
00000000
00000000
963004f4
00000628
d60184f4
00000000
00000000
4601a402
d60104f0
00000000
00000000
44318000
00000000
00000000
c6010400
d60184f4
00000000
00000000
46018401
00000000
00000000
4601a402
d60084f0
00000000
00000000
42318000
00000000
00000000
c6018400
00000000
00000000
04300800
00000618
00000717
d60184f4
00000000
00000000
4601a402
d60104f0
00000000
00000000
44318000
00000000
00000000
c6018400
00000000
00000000
963004ec
d60184f4
00000000
00000000
46018401
00000000
00000000
4601a402
d60104f0
00000000
00000000
44310000
d60184f4
00000000
00000000
4601a402
d60084f0
00000000
00000000
42318000
c4010400
00000000
00000000
86200400
d60184f4
00000000
00000000
46018401
00000000
00000000
4601a402
d60104f0
00000000
00000000
44318000
d60104ec
00000000
00000000
86200400
d60184f4
00000000
00000000
46018401
00000000
00000000
963004f4
d60184f8
00000000
00000000
4601ec09
d60104f4
00000000
00000000
04300800
000007d1
d60184f8
00000000
00000000
46018401
00000000
00000000
963004f8
d60184f8
00000000
00000000
06000c08
000006c8
000007c7
000006fe
