memory_initialization_radix=16;
memory_initialization_vector=

400D84FF,
00000000,
00000000,

4D818C01,
00000000,
00000000,
8DB00400,
00000000,
00000000,
46D58400,
00000000,
00000000,
4D818C14,
00000000,
00000000,

40018400,
00000000,
00000000,

4DD00410,
00000000,
00000000,
06000400,
86200400,
00000000,
00000000,

4DD00410,
00000000,
00000000,

40010401,
00000000,
00000000,
44012408,
00000000,
00000000,
442104DF,
00000000,
00000000,
06000400,
86200400,
46018401,
00000000,
00000000,

4001047B,
00000000,
00000000,
06000400,
86200400,
46018401,
00000000,
00000000,

4E010036,
00000000,
00000000,
06000400,
86200400,
46018401,
00000000,
00000000,

40010402,
00000000,
00000000,
06000400,
86200400,
46018401,
00000000,
00000000,

40010462,
00000000,
00000000,
06000400,
86200400,
46018401,
00000000,
00000000,

4001047D,
00000000,
00000000,
06000400,
86200400,
46018401,
00000000,
00000000,

4001040A,
00000000,
00000000,
06000400,
86200400,
46018401,
00000000,
00000000,

40010441,
00000000,
00000000,
06000400,
86200400,
46018401,
00000000,
00000000,

4E010037,
00000000,
00000000,
06000400,
86200400,
46018401,
00000000,
00000000,

40010400,
00000000,
00000000,
06000400,
86200400;
