00000000: 01000000 00000000 00000000 00000000 00100010 00000000  @...".
00000006: 00000000 00000000 00011001 00000000 00000000 00000000  ......
0000000c: 00001100 00000000 00000000 00000000 00010110 00000000  ......
00000012: 00000000 00000000 00001011 00000000 00000000 00000000  ......
00000018: 01011010 00000000 00000000 00000000 00001111 00000000  Z.....
0000001e: 10101100 11101000 00000111 00000000 10011110 11101000  ......
00000024: 00000111 00000000 10001100 11101000 00000111 00110000  .....0
0000002a: 10100000 11100011 00010000 00110000 00001011 11100101  ...0..
00000030: 00000000 00110000 10100000 11100011 00001000 00110000  .0...0
00000036: 00001011 11100101 00110100 00000000 00000000 11101010  ..4...
0000003c: 00000000 00110000 10100000 11100011 00001100 00110000  .0...0
00000042: 00001011 11100101 00100111 00000000 00000000 11101010  ..'...
00000048: 00001100 00110000 00011011 11100101 00000011 00110001  .0...1
0000004e: 10100000 11100001 00000100 00110000 01000011 11100010  ...0C.
00000054: 00001011 00110000 10000011 11100000 00101100 00100000  .0.., 
0000005a: 00010011 11100101 00001100 00110000 00011011 11100101  ...0..
00000060: 00000001 00110000 10000011 11100010 00000011 00110001  .0...1
00000066: 10100000 11100001 00000100 00110000 01000011 11100010  ...0C.
0000006c: 00001011 00110000 10000011 11100000 00101100 00110000  .0..,0
00000072: 00010011 11100101 00000011 00000000 01010010 11100001  ....R.
00000078: 00010111 00000000 00000000 11011010 00001100 00110000  .....0
0000007e: 00011011 11100101 00000011 00110001 10100000 11100001  ...1..
00000084: 00000100 00110000 01000011 11100010 00001011 00110000  .0C..0
0000008a: 10000011 11100000 00101100 00110000 00010011 11100101  ..,0..
00000090: 00010100 00110000 00001011 11100101 00001100 00110000  .0...0
00000096: 00011011 11100101 00000001 00110000 10000011 11100010  ...0..
0000009c: 00000011 00110001 10100000 11100001 00000100 00110000  .1...0
000000a2: 01000011 11100010 00001011 00110000 10000011 11100000  C..0..
000000a8: 00101100 00100000 00010011 11100101 00001100 00110000  , ...0
000000ae: 00011011 11100101 00000011 00110001 10100000 11100001  ...1..
000000b4: 00000100 00110000 01000011 11100010 00001011 00110000  .0C..0
000000ba: 10000011 11100000 00101100 00100000 00000011 11100101  .., ..
000000c0: 00001100 00110000 00011011 11100101 00000001 00110000  .0...0
000000c6: 10000011 11100010 00000011 00110001 10100000 11100001  ...1..
000000cc: 00000100 00110000 01000011 11100010 00001011 00110000  .0C..0
000000d2: 10000011 11100000 00010100 00100000 00011011 11100101  ... ..
000000d8: 00101100 00100000 00000011 11100101 00001100 00110000  , ...0
000000de: 00011011 11100101 00000001 00110000 10000011 11100010  ...0..
000000e4: 00001100 00110000 00001011 11100101 00010000 00100000  .0... 
000000ea: 00011011 11100101 00001000 00110000 00011011 11100101  ...0..
000000f0: 00000011 00110000 01000010 11100000 00000001 00110000  .0B..0
000000f6: 01000011 11100010 00001100 00100000 00011011 11100101  C.. ..
000000fc: 00000011 00000000 01010010 11100001 11010000 11111111  ..R...
00000102: 11111111 10111010 00001000 00110000 00011011 11100101  ...0..
00000108: 00000001 00110000 10000011 11100010 00001000 00110000  .0...0
0000010e: 00001011 11100101 00010000 00110000 00011011 11100101  ...0..
00000114: 00000001 00110000 01000011 11100010 00001000 00100000  .0C.. 
0000011a: 00011011 11100101 00000011 00000000 01010010 11100001  ....R.
00000120: 11000101 11111111 11111111 10111010 00000000 00110000  .....0
00000126: 10100000 11100011 00000011 00000000 10100000 11100001  ......
0000012c: 00000100 11010000 01001011 11100010 00000000 01001000  ..K..H
00000132: 10111101 11101000 00011110 11111111 00101111 11100001  ..../.
00000138: 00000000 00000000 00000000 00000000                    ....
