64c00200
64a00280
64800300
64600000
64e00340
00000000
48260000
00000000
00000000
00000000
00000000
48450000
00000000
00000000
00000000
00000000
24611000
00000000
00000000
00000000
00000000
00000000
00000000
48260020
00000000
00000000
00000000
00000000
48450020
00000000
00000000
00000000
00000000
24611000
00000000
00000000
00000000
00000000
00000000
00000000
48260040
00000000
00000000
00000000
00000000
48450040
00000000
00000000
00000000
00000000
24611000
00000000
00000000
00000000
00000000
00000000
00000000
48260060
00000000
00000000
00000000
00000000
48450060
00000000
00000000
00000000
00000000
24611000
00000000
00000000
00000000
00000000
00000000
00000000
48470000
00000000
00000000
00000000
00000000
1c621800
00000000
00000000
00000000
00000000
00000000
00000000
00000000
4c640000
2c000000
