64c00242
64a00252
64800262
64e00272
642a0000
24221800
00000000
00000000
00000000
00000000
00000000
00000000
00000000
00000000
00000000
00000000
65610000
256c6800
00000000
00000000
00000000
00000000
00000000
00000000
00000000
00000000
00000000
00000000
65cb0000
25cf8000
00000000
00000000
00000000
00000000
00000000
00000000
00000000
00000000
00000000
00000000
654e0000
25519000
00000000
00000000
00000000
00000000
00000000
00000000
00000000
00000000
00000000
00000000
2553a000
2c000000
08221800
2c000000
642a0000
24221800
00000000
00000000
00000000
00000000
00000000
00000000
00000000
00000000
00000000
00000000
65610000
256c6800
00000000
00000000
00000000
00000000
00000000
00000000
00000000
00000000
00000000
00000000
65cb0000
25cf8000
00000000
00000000
00000000
00000000
00000000
00000000
00000000
00000000
00000000
00000000
654e0000
25519000
00000000
00000000
00000000
00000000
00000000
00000000
00000000
00000000
00000000
00000000
2553a000
00000000
00000000
00000000
00000000
00000000
00000000
00000000
00000000
00000000
00000000
0ab65000
2c000000
